in all:
False-Negative : 1.0
True-Positive : 499.0
True-Negative : 12.0
False-Positive : 366.0
      precision = 0.576879
         recall = 0.998000
         fvalue = 0.731136
