# no_hiragana_limit:0.001
in all, a,b,c,d = 342,445,36,55
      precision = 0.604396
         recall = 0.110000
         fvalue = 0.186125
