in all:
False-Negative : 0.0
True-Positive : 500.0
True-Negative : 2.0
False-Positive : 376.0
      precision = 0.570776
         recall = 1.000000
         fvalue = 0.726744
