in all:
False-Negative : 235.0
True-Positive : 265.0
True-Negative : 213.0
False-Positive : 165.0
      precision = 0.616279
         recall = 0.530000
         fvalue = 0.569892
