in all:
False-Negative : 391.0
True-Positive : 26.0
True-Negative : 262.0
False-Positive : 13.0
      precision = 0.666667
         recall = 0.062350
         fvalue = 0.114035
