in all:
False-Negative : 6.0
True-Positive : 494.0
True-Negative : 22.0
False-Positive : 356.0
      precision = 0.581176
         recall = 0.988000
         fvalue = 0.731852
