# no_shijigo_limit:0.0005
in all, a,b,c,d = 167,190,211,310
      precision = 0.595010
         recall = 0.620000
         fvalue = 0.607248
